﻿Semaine;Index relevé fin de semaine (litres);Consommation de la semaine (litres);Index Mesuré/Estimé
01/08-07/08;1167286;5423;Mesuré
08/08-14/08;1176615;9329;Mesuré
15/08-21/08;1180299;3684;Mesuré
22/08-28/08;1184643;4344;Mesuré
29/08-04/09;1188176;3533;Mesuré
05/09-11/09;1191608;3432;Mesuré
12/09-18/09;1195120;3512;Mesuré
19/09-25/09;1198636;3516;Mesuré
26/09-02/10;1202206;3570;Mesuré
03/10-09/10;1205592;3386;Mesuré